People,Threshold
1,1
1,2
1,3
1,4
4,8
